\begin{tabular}{rrrr}
  \hline
 & goi\_bonds & corp\_bonds & equity \\ 
  \hline
25 & 0.10 & 0.25 & 0.65 \\ 
  26 & 0.10 & 0.25 & 0.65 \\ 
  27 & 0.10 & 0.25 & 0.65 \\ 
  28 & 0.10 & 0.25 & 0.65 \\ 
  29 & 0.10 & 0.25 & 0.65 \\ 
  30 & 0.10 & 0.25 & 0.65 \\ 
  31 & 0.10 & 0.25 & 0.65 \\ 
  32 & 0.10 & 0.25 & 0.65 \\ 
  33 & 0.10 & 0.25 & 0.65 \\ 
  34 & 0.10 & 0.25 & 0.65 \\ 
  35 & 0.10 & 0.25 & 0.65 \\ 
  36 & 0.13 & 0.24 & 0.63 \\ 
  37 & 0.16 & 0.24 & 0.61 \\ 
  38 & 0.18 & 0.23 & 0.58 \\ 
  39 & 0.21 & 0.23 & 0.56 \\ 
  40 & 0.24 & 0.22 & 0.54 \\ 
  41 & 0.27 & 0.21 & 0.52 \\ 
  42 & 0.30 & 0.21 & 0.50 \\ 
  43 & 0.32 & 0.20 & 0.47 \\ 
  44 & 0.35 & 0.20 & 0.45 \\ 
  45 & 0.38 & 0.19 & 0.43 \\ 
  46 & 0.41 & 0.18 & 0.41 \\ 
  47 & 0.44 & 0.18 & 0.39 \\ 
  48 & 0.46 & 0.17 & 0.36 \\ 
  49 & 0.49 & 0.17 & 0.34 \\ 
  50 & 0.52 & 0.16 & 0.32 \\ 
  51 & 0.55 & 0.15 & 0.30 \\ 
  52 & 0.58 & 0.15 & 0.28 \\ 
  53 & 0.60 & 0.14 & 0.25 \\ 
  54 & 0.63 & 0.14 & 0.23 \\ 
  55 & 0.66 & 0.13 & 0.21 \\ 
  56 & 0.69 & 0.12 & 0.19 \\ 
  57 & 0.72 & 0.12 & 0.17 \\ 
  58 & 0.74 & 0.11 & 0.14 \\ 
  59 & 0.77 & 0.11 & 0.12 \\ 
  60 & 0.80 & 0.10 & 0.10 \\ 
   \hline
\end{tabular}
